1 2 75
1 4 140
1 8 118
2 1 75
2 3 71
3 2 71
3 4 151
4 1 140
4 5 99
4 3 151
4 6 80
5 4 99
5 13 211
6 4 80
6 7 97
6 12 146
7 6 97
7 13 101
7 12 138
8 1 118
8 9 111
9 8 111
9 10 70
10 9 70
10 11 75
11 10 75
11 12 120
12 11 120
12 6 146
12 7 138
13 7 101
13 14 90
13 5 211
14 13 90